{
  "1": {"cam_K": [1075.65091572, 0.0, 374.06888344, 0.0, 1073.90347929, 255.72159802, 0.0, 0.0, 1.0], "cam_R_w2c": [0.0780731, -0.996947, 0.00094431, -0.95579, -0.0751193, -0.284292, 0.283495, 0.021293, -0.958737], "cam_t_w2c": [-10.4454, 17.315, 789.553], "depth_scale": 0.1, "elev": 75, "mode": 0},
  "17": {"cam_K": [1075.65091572, 0.0, 379.06888344, 0.0, 1073.90347929, 261.72159802, 0.0, 0.0, 1.0], "cam_R_w2c": [0.995466, -0.0951177, -1.471e-05, -0.0910733, -0.953094, -0.288648, 0.0274416, 0.287341, -0.957435], "cam_t_w2c": [-13.4102, 13.2554, 790.28], "depth_scale": 0.1, "elev": 75, "mode": 0},
  "30": {"cam_K": [1075.65091572, 0.0, 375.06888344, 0.0, 1073.90347929, 265.72159802, 0.0, 0.0, 1.0], "cam_R_w2c": [0.505659, 0.862725, 0.00384141, 0.826931, -0.483401, -0.287241, -0.245953, 0.148423, -0.957851], "cam_t_w2c": [-10.7336, 10.189, 791.533], "depth_scale": 0.1, "elev": 75, "mode": 0},
  "38": {"cam_K": [1075.65091572, 0.0, 372.06888344, 0.0, 1073.90347929, 265.72159802, 0.0, 0.0, 1.0], "cam_R_w2c": [-0.167536, 0.985862, 0.00295541, 0.944712, 0.161398, -0.285429, -0.281871, -0.0450276, -0.958395], "cam_t_w2c": [-8.23199, 10.2591, 791.7], "depth_scale": 0.1, "elev": 75, "mode": 0},
  "57": {"cam_K": [1075.65091572, 0.0, 368.06888344, 0.0, 1073.90347929, 259.72159802, 0.0, 0.0, 1.0], "cam_R_w2c": [-0.967451, -0.253048, 0.00228973, -0.242981, 0.926359, -0.287784, 0.0707021, -0.278973, -0.957693], "cam_t_w2c": [-6.01093, 14.924, 789.773], "depth_scale": 0.1, "elev": 75, "mode": 0},
  "67": {"cam_K": [1075.65091572, 0.0, 371.06888344, 0.0, 1073.90347929, 255.72159802, 0.0, 0.0, 1.0], "cam_R_w2c": [-0.429269, -0.903173, 0.00279333, -0.866173, 0.410803, -0.284577, 0.255875, -0.12458, -0.958649], "cam_t_w2c": [-8.35737, 17.1903, 789.411], "depth_scale": 0.1, "elev": 75, "mode": 0},
  "76": {"cam_K": [1075.65091572, 0.0, 374.06888344, 0.0, 1073.90347929, 269.72159802, 0.0, 0.0, 1.0], "cam_R_w2c": [0.379615, -0.925103, 0.00870869, -0.825995, -0.343156, -0.447187, 0.416683, 0.162566, -0.894398], "cam_t_w2c": [-10.2252, 11.2356, 789.464], "depth_scale": 0.1, "elev": 65, "mode": 0},
  "89": {"cam_K": [1075.65091572, 0.0, 376.06888344, 0.0, 1073.90347929, 274.72159802, 0.0, 0.0, 1.0], "cam_R_w2c": [0.99884, -0.0472528, 0.00930424, -0.0379632, -0.891401, -0.451623, 0.0296342, 0.450746, -0.89216], "cam_t_w2c": [-11.9623, 7.61816, 790.592], "depth_scale": 0.1, "elev": 65, "mode": 0},
  "101": {"cam_K": [1075.65091572, 0.0, 373.06888344, 0.0, 1073.90347929, 278.72159802, 0.0, 0.0, 1.0], "cam_R_w2c": [0.538151, 0.842758, 0.0123707, 0.755442, -0.475782, -0.450487, -0.373765, 0.251775, -0.892697], "cam_t_w2c": [-9.52338, 5.00536, 792.376], "depth_scale": 0.1, "elev": 65, "mode": 0},
  "109": {"cam_K": [1075.65091572, 0.0, 369.06888344, 0.0, 1073.90347929, 278.72159802, 0.0, 0.0, 1.0], "cam_R_w2c": [-0.130333, 0.991399, 0.0119008, 0.885564, 0.121801, -0.448264, -0.445858, -0.0478847, -0.893822], "cam_t_w2c": [-6.981, 5.11374, 792.743], "depth_scale": 0.1, "elev": 65, "mode": 0},
  "127": {"cam_K": [1075.65091572, 0.0, 366.06888344, 0.0, 1073.90347929, 273.72159802, 0.0, 0.0, 1.0], "cam_R_w2c": [-0.992386, -0.122667, 0.0110916, -0.114473, 0.885352, -0.450608, 0.0454547, -0.448446, -0.892653], "cam_t_w2c": [-4.50414, 9.05865, 789.999], "depth_scale": 0.1, "elev": 65, "mode": 0},
  "135": {"cam_K": [1075.65091572, 0.0, 368.06888344, 0.0, 1073.90347929, 270.72159802, 0.0, 0.0, 1.0], "cam_R_w2c": [-0.681476, -0.731729, 0.0127701, -0.65772, 0.604712, -0.449141, 0.320928, -0.314478, -0.893369], "cam_t_w2c": [-5.91619, 10.9803, 789.269], "depth_scale": 0.1, "elev": 65, "mode": 0},
  "142": {"cam_K": [1075.65091572, 0.0, 371.06888344, 0.0, 1073.90347929, 268.72159802, 0.0, 0.0, 1.0], "cam_R_w2c": [-0.138655, -0.990272, 0.0116534, -0.886712, 0.118897, -0.446771, 0.44104, -0.0722803, -0.894572], "cam_t_w2c": [-8.08036, 11.7756, 789.31], "depth_scale": 0.1, "elev": 65, "mode": 0},
  "157": {"cam_K": [1075.65091572, 0.0, 376.06888344, 0.0, 1073.90347929, 286.72159802, 0.0, 0.0, 1.0], "cam_R_w2c": [0.921034, -0.38932, 0.0112379, -0.303639, -0.735806, -0.605303, 0.243926, 0.554093, -0.795916], "cam_t_w2c": [-11.8268, 3.31157, 790.935], "depth_scale": 0.1, "elev": 55, "mode": 0},
  "168": {"cam_K": [1075.65091572, 0.0, 375.06888344, 0.0, 1073.90347929, 289.72159802, 0.0, 0.0, 1.0], "cam_R_w2c": [0.846345, 0.532452, 0.0139393, 0.43044, -0.668313, -0.606696, -0.31372, 0.519474, -0.794812], "cam_t_w2c": [-10.7401, 0.550113, 792.839], "depth_scale": 0.1, "elev": 55, "mode": 0},
  "176": {"cam_K": [1075.65091572, 0.0, 371.06888344, 0.0, 1073.90347929, 291.72159802, 0.0, 0.0, 1.0], "cam_R_w2c": [0.304746, 0.952308, 0.0154909, 0.76113, -0.233726, -0.605024, -0.572548, 0.196169, -0.796057], "cam_t_w2c": [-8.35358, -0.287911, 794.257], "depth_scale": 0.1, "elev": 55, "mode": 0},
  "181": {"cam_K": [1075.65091572, 0.0, 369.06888344, 0.0, 1073.90347929, 290.72159802, 0.0, 0.0, 1.0], "cam_R_w2c": [-0.126651, 0.991837, 0.0147689, 0.789267, 0.10978, -0.604157, -0.600847, -0.0648603, -0.796728], "cam_t_w2c": [-6.79023, -0.114937, 794.358], "depth_scale": 0.1, "elev": 55, "mode": 0},
  "197": {"cam_K": [1075.65091572, 0.0, 365.06888344, 0.0, 1073.90347929, 286.72159802, 0.0, 0.0, 1.0], "cam_R_w2c": [-0.998728, 0.0485006, 0.0137942, 0.0302383, 0.794987, -0.605872, -0.0403513, -0.604684, -0.795443], "cam_t_w2c": [-4.20576, 2.94122, 791.266], "depth_scale": 0.1, "elev": 55, "mode": 0},
  "212": {"cam_K": [1075.65091572, 0.0, 369.06888344, 0.0, 1073.90347929, 282.72159802, 0.0, 0.0, 1.0], "cam_R_w2c": [-0.305967, -0.951919, 0.0153364, -0.762485, 0.235369, -0.602676, 0.570089, -0.196093, -0.797838], "cam_t_w2c": [-7.1813, 5.78815, 789.709], "depth_scale": 0.1, "elev": 55, "mode": 0},
  "220": {"cam_K": [1075.65091572, 0.0, 374.06888344, 0.0, 1073.90347929, 294.72159802, 0.0, 0.0, 1.0], "cam_R_w2c": [0.361166, -0.932387, 0.0146008, -0.630503, -0.255706, -0.732858, 0.687041, 0.255478, -0.680225], "cam_t_w2c": [-10.3113, 0.2138, 791.242], "depth_scale": 0.1, "elev": 45, "mode": 0},
  "230": {"cam_K": [1075.65091572, 0.0, 376.06888344, 0.0, 1073.90347929, 297.72159802, 0.0, 0.0, 1.0], "cam_R_w2c": [0.946281, -0.323035, 0.0141246, -0.209143, -0.644796, -0.735185, 0.246598, 0.692738, -0.677719], "cam_t_w2c": [-12.2531, -1.81429, 792.304], "depth_scale": 0.1, "elev": 45, "mode": 0},
  "236": {"cam_K": [1075.65091572, 0.0, 376.06888344, 0.0, 1073.90347929, 299.72159802, 0.0, 0.0, 1.0], "cam_R_w2c": [0.980828, 0.194265, 0.0154185, 0.142646, -0.661794, -0.73599, -0.132773, 0.724079, -0.676817], "cam_t_w2c": [-11.8957, -3.11645, 793.851], "depth_scale": 0.1, "elev": 45, "mode": 0},
  "246": {"cam_K": [1075.65091572, 0.0, 373.06888344, 0.0, 1073.90347929, 301.72159802, 0.0, 0.0, 1.0], "cam_R_w2c": [0.480277, 0.876944, 0.0174025, 0.600092, -0.314054, -0.735703, -0.639705, 0.363785, -0.67708], "cam_t_w2c": [-9.43754, -4.56271, 795.804], "depth_scale": 0.1, "elev": 45, "mode": 0},
  "252": {"cam_K": [1075.65091572, 0.0, 370.06888344, 0.0, 1073.90347929, 301.72159802, 0.0, 0.0, 1.0], "cam_R_w2c": [-0.0234456, 0.999571, 0.017555, 0.677757, 0.0288008, -0.734721, -0.734912, -0.00532799, -0.678142], "cam_t_w2c": [-7.53044, -4.53577, 796.449], "depth_scale": 0.1, "elev": 45, "mode": 0},
  "267": {"cam_K": [1075.65091572, 0.0, 366.06888344, 0.0, 1073.90347929, 298.72159802, 0.0, 0.0, 1.0], "cam_R_w2c": [-0.971576, 0.236187, 0.0160154, 0.148571, 0.661033, -0.735501, -0.184302, -0.712215, -0.677334], "cam_t_w2c": [-4.60449, -2.33282, 793.322], "depth_scale": 0.1, "elev": 45, "mode": 0},
  "273": {"cam_K": [1075.65091572, 0.0, 366.06888344, 0.0, 1073.90347929, 296.72159802, 0.0, 0.0, 1.0], "cam_R_w2c": [-0.959727, -0.280396, 0.0173811, -0.202285, 0.64679, -0.735353, 0.194948, -0.709254, -0.677461], "cam_t_w2c": [-4.79173, -1.04391, 791.682], "depth_scale": 0.1, "elev": 45, "mode": 0},
  "283": {"cam_K": [1075.65091572, 0.0, 369.06888344, 0.0, 1073.90347929, 294.72159802, 0.0, 0.0, 1.0], "cam_R_w2c": [-0.402938, -0.915053, 0.0178753, -0.627383, 0.261939, -0.733334, 0.666357, -0.306703, -0.679634], "cam_t_w2c": [-7.16836, 0.415171, 790.597], "depth_scale": 0.1, "elev": 45, "mode": 0},
  "292": {"cam_K": [1075.65091572, 0.0, 372.06888344, 0.0, 1073.90347929, 305.72159802, 0.0, 0.0, 1.0], "cam_R_w2c": [0.36683, -0.930092, 0.0190968, -0.497139, -0.213341, -0.841034, 0.786313, 0.299023, -0.540645], "cam_t_w2c": [-9.43069, -4.80307, 792.763], "depth_scale": 0.1, "elev": 35, "mode": 0},
  "308": {"cam_K": [1075.65091572, 0.0, 375.06888344, 0.0, 1073.90347929, 308.72159802, 0.0, 0.0, 1.0], "cam_R_w2c": [0.979772, 0.199138, 0.019771, 0.123328, -0.523055, -0.843329, -0.157598, 0.828708, -0.537034], "cam_t_w2c": [-11.1363, -7.32847, 796.014], "depth_scale": 0.1, "elev": 35, "mode": 0},
  "314": {"cam_K": [1075.65091572, 0.0, 373.06888344, 0.0, 1073.90347929, 309.72159802, 0.0, 0.0, 1.0], "cam_R_w2c": [0.747462, 0.663976, 0.0208928, 0.370105, -0.390111, -0.84311, -0.551655, 0.637925, -0.537334], "cam_t_w2c": [-9.76715, -8.19101, 797.438], "depth_scale": 0.1, "elev": 35, "mode": 0},
  "323": {"cam_K": [1075.65091572, 0.0, 369.06888344, 0.0, 1073.90347929, 310.72159802, 0.0, 0.0, 1.0], "cam_R_w2c": [0.0577022, 0.9981, 0.0216064, 0.539201, -0.0129434, -0.842078, -0.840198, 0.06024, -0.538923], "cam_t_w2c": [-6.98601, -8.61262, 798.975], "depth_scale": 0.1, "elev": 35, "mode": 0},
  "337": {"cam_K": [1075.65091572, 0.0, 365.06888344, 0.0, 1073.90347929, 308.72159802, 0.0, 0.0, 1.0], "cam_R_w2c": [-0.918251, 0.395453, 0.0207739, 0.197152, 0.502027, -0.842081, -0.343433, -0.769146, -0.538951], "cam_t_w2c": [-3.88594, -7.07495, 796.226], "depth_scale": 0.1, "elev": 35, "mode": 0},
  "347": {"cam_K": [1075.65091572, 0.0, 365.06888344, 0.0, 1073.90347929, 306.72159802, 0.0, 0.0, 1.0], "cam_R_w2c": [-0.894174, -0.447161, 0.0223446, -0.257745, 0.473313, -0.842344, 0.366087, -0.758961, -0.538477], "cam_t_w2c": [-4.27671, -5.41914, 792.936], "depth_scale": 0.1, "elev": 35, "mode": 0},
  "356": {"cam_K": [1075.65091572, 0.0, 368.06888344, 0.0, 1073.90347929, 305.72159802, 0.0, 0.0, 1.0], "cam_R_w2c": [-0.315595, -0.948649, 0.0215747, -0.519366, 0.153664, -0.840623, 0.79414, -0.276501, -0.541192], "cam_t_w2c": [-6.65368, -4.56667, 792.65], "depth_scale": 0.1, "elev": 35, "mode": 0},
  "364": {"cam_K": [1075.65091572, 0.0, 372.06888344, 0.0, 1073.90347929, 313.72159802, 0.0, 0.0, 1.0], "cam_R_w2c": [0.327505, -0.944587, 0.0222771, -0.357233, -0.145617, -0.922594, 0.874714, 0.294196, -0.385128], "cam_t_w2c": [-9.34196, -9.0711, 795.293], "depth_scale": 0.1, "elev": 25, "mode": 0},
  "375": {"cam_K": [1075.65091572, 0.0, 375.06888344, 0.0, 1073.90347929, 315.72159802, 0.0, 0.0, 1.0], "cam_R_w2c": [0.962003, -0.272147, 0.0220595, -0.0846389, -0.374046, -0.92354, 0.25959, 0.886581, -0.382868], "cam_t_w2c": [-11.371, -10.3512, 796.933], "depth_scale": 0.1, "elev": 25, "mode": 0},
  "384": {"cam_K": [1075.65091572, 0.0, 373.06888344, 0.0, 1073.90347929, 316.72159802, 0.0, 0.0, 1.0], "cam_R_w2c": [0.87261, 0.487904, 0.0223976, 0.204642, -0.323591, -0.923802, -0.44348, 0.810702, -0.382214], "cam_t_w2c": [-10.4084, -11.3218, 799.808], "depth_scale": 0.1, "elev": 25, "mode": 0},
  "394": {"cam_K": [1075.65091572, 0.0, 369.06888344, 0.0, 1073.90347929, 317.72159802, 0.0, 0.0, 1.0], "cam_R_w2c": [0.186134, 0.982226, 0.0242139, 0.380646, -0.0493694, -0.923402, -0.905794, 0.181093, -0.38307], "cam_t_w2c": [-7.37158, -11.9478, 801.629], "depth_scale": 0.1, "elev": 25, "mode": 0},
  "396": {"cam_K": [1075.65091572, 0.0, 369.06888344, 0.0, 1073.90347929, 317.72159802, 0.0, 0.0, 1.0], "cam_R_w2c": [0.0126977, 0.999629, 0.0241144, 0.38339, 0.017406, -0.923423, -0.923499, 0.0209706, -0.383027], "cam_t_w2c": [-6.79145, -11.8013, 801.816], "depth_scale": 0.1, "elev": 25, "mode": 0},
  "402": {"cam_K": [1075.65091572, 0.0, 366.06888344, 0.0, 1073.90347929, 316.72159802, 0.0, 0.0, 1.0], "cam_R_w2c": [-0.489863, 0.871471, 0.0239257, 0.323342, 0.207104, -0.923341, -0.80962, -0.444574, -0.383235], "cam_t_w2c": [-5.15233, -11.406, 801.362], "depth_scale": 0.1, "elev": 25, "mode": 0},
  "418": {"cam_K": [1075.65091572, 0.0, 365.06888344, 0.0, 1073.90347929, 314.72159802, 0.0, 0.0, 1.0], "cam_R_w2c": [-0.943691, -0.329923, 0.0244753, -0.147951, 0.354703, -0.923199, 0.295903, -0.874835, -0.383542], "cam_t_w2c": [-4.07968, -9.68757, 795.951], "depth_scale": 0.1, "elev": 25, "mode": 0},
  "425": {"cam_K": [1075.65091572, 0.0, 366.06888344, 0.0, 1073.90347929, 313.72159802, 0.0, 0.0, 1.0], "cam_R_w2c": [-0.584478, -0.811037, 0.0245945, -0.324888, 0.206142, -0.923013, 0.743527, -0.547472, -0.383982], "cam_t_w2c": [-5.50135, -8.99564, 794.624], "depth_scale": 0.1, "elev": 25, "mode": 0},
  "434": {"cam_K": [1075.65091572, 0.0, 370.06888344, 0.0, 1073.90347929, 320.72159802, 0.0, 0.0, 1.0], "cam_R_w2c": [0.15621, -0.987416, 0.0246433, -0.211852, -0.0578632, -0.975587, 0.964737, 0.147176, -0.218225], "cam_t_w2c": [-7.99537, -12.9237, 797.58], "depth_scale": 0.1, "elev": 15, "mode": 0},
  "442": {"cam_K": [1075.65091572, 0.0, 373.06888344, 0.0, 1073.90347929, 320.72159802, 0.0, 0.0, 1.0], "cam_R_w2c": [0.75469, -0.655634, 0.024235, -0.12463, -0.179531, -0.975826, 0.644135, 0.733425, -0.217202], "cam_t_w2c": [-10.3041, -13.2489, 798.391], "depth_scale": 0.1, "elev": 15, "mode": 0},
  "455": {"cam_K": [1075.65091572, 0.0, 373.06888344, 0.0, 1073.90347929, 321.72159802, 0.0, 0.0, 1.0], "cam_R_w2c": [0.912894, 0.407467, 0.0244082, 0.109617, -0.18711, -0.976204, -0.393204, 0.893846, -0.215477], "cam_t_w2c": [-10.0211, -13.9506, 802.775], "depth_scale": 0.1, "elev": 15, "mode": 0},
  "464": {"cam_K": [1075.65091572, 0.0, 370.06888344, 0.0, 1073.90347929, 321.72159802, 0.0, 0.0, 1.0], "cam_R_w2c": [0.356672, 0.933889, 0.0252173, 0.209445, -0.0536275, -0.976349, -0.910449, 0.353518, -0.214725], "cam_t_w2c": [-7.52146, -14.1219, 804.634], "depth_scale": 0.1, "elev": 15, "mode": 0},
  "474": {"cam_K": [1075.65091572, 0.0, 366.06888344, 0.0, 1073.90347929, 321.72159802, 0.0, 0.0, 1.0], "cam_R_w2c": [-0.48677, 0.873128, 0.0264966, 0.175584, 0.127512, -0.976172, -0.855701, -0.470519, -0.215376], "cam_t_w2c": [-4.74681, -13.8963, 804.491], "depth_scale": 0.1, "elev": 15, "mode": 0},
  "482": {"cam_K": [1075.65091572, 0.0, 363.06888344, 0.0, 1073.90347929, 320.72159802, 0.0, 0.0, 1.0], "cam_R_w2c": [-0.934964, 0.353791, 0.0259603, 0.0526247, 0.210698, -0.976134, -0.350817, -0.911284, -0.215613], "cam_t_w2c": [-3.12591, -13.443, 801.747], "depth_scale": 0.1, "elev": 15, "mode": 0},
  "488": {"cam_K": [1075.65091572, 0.0, 364.06888344, 0.0, 1073.90347929, 320.72159802, 0.0, 0.0, 1.0], "cam_R_w2c": [-0.987041, -0.158236, 0.0266724, -0.0597803, 0.208342, -0.976227, 0.148917, -0.965171, -0.215102], "cam_t_w2c": [-3.3954, -12.9057, 799.274], "depth_scale": 0.1, "elev": 15, "mode": 0},
  "493": {"cam_K": [1075.65091572, 0.0, 364.06888344, 0.0, 1073.90347929, 319.72159802, 0.0, 0.0, 1.0], "cam_R_w2c": [-0.827671, -0.560598, 0.0262991, -0.142367, 0.164402, -0.976065, 0.542856, -0.811605, -0.215882], "cam_t_w2c": [-3.93967, -12.5794, 797.822], "depth_scale": 0.1, "elev": 15, "mode": 0}
}