{
  "0": {"cam_K": [1075.650863647461, 0.0, 641.0689039230347, 0.0, 1073.903400728709, 507.7215923386309, 0.0, 0.0, 1.0], "cam_R_w2c": [-0.7901821732521057, 0.17590026557445526, 0.5870872139930725, 0.4899962842464447, 0.7567046880722046, 0.43278366327285767, -0.3681248724460602, 0.6296484470367432, -0.6841250061988831], "cam_t_w2c": [41.60553741455078, -160.93345642089844, 387.0172119140625], "depth_scale": 0.1},
  "1": {"cam_K": [1075.650863647461, 0.0, 641.0689039230347, 0.0, 1073.903400728709, 507.7215923386309, 0.0, 0.0, 1.0], "cam_R_w2c": [0.5138636231422424, -0.5454763770103455, -0.6621177196502686, -0.8078581094741821, -0.04801098629832268, -0.5874185562133789, 0.2886340320110321, 0.8367501497268677, -0.4653385877609253], "cam_t_w2c": [37.66722106933594, 99.6136245727539, 291.33935546875], "depth_scale": 0.1},
  "2": {"cam_K": [1075.650863647461, 0.0, 641.0689039230347, 0.0, 1073.903400728709, 507.7215923386309, 0.0, 0.0, 1.0], "cam_R_w2c": [-0.2847731113433838, 0.3134603500366211, -0.9058959484100342, 0.6349766254425049, 0.7696459889411926, 0.0667068362236023, 0.7181291580200195, -0.5562263131141663, -0.41821449995040894], "cam_t_w2c": [5.610612869262695, -169.02513122558594, 518.6741943359375], "depth_scale": 0.1},
  "3": {"cam_K": [1075.650863647461, 0.0, 641.0689039230347, 0.0, 1073.903400728709, 507.7215923386309, 0.0, 0.0, 1.0], "cam_R_w2c": [0.8828414082527161, -0.028845971450209618, 0.4687846004962921, 0.23784410953521729, -0.8332094550132751, -0.49919167160987854, 0.4049953818321228, 0.5522047281265259, -0.7287309765815735], "cam_t_w2c": [-94.00502014160156, 100.55836486816406, 360.45086669921875], "depth_scale": 0.1},
  "4": {"cam_K": [1075.650863647461, 0.0, 641.0689039230347, 0.0, 1073.903400728709, 507.7215923386309, 0.0, 0.0, 1.0], "cam_R_w2c": [-0.8945139646530151, -0.20445801317691803, -0.39754536747932434, -0.31296026706695557, 0.9214212894439697, 0.23030145466327667, 0.31921979784965515, 0.3304236829280853, -0.8882114291191101], "cam_t_w2c": [125.28678894042969, -99.17066192626953, 285.5199890136719], "depth_scale": 0.1},
  "5": {"cam_K": [1075.650863647461, 0.0, 641.0689039230347, 0.0, 1073.903400728709, 507.7215923386309, 0.0, 0.0, 1.0], "cam_R_w2c": [0.07285952568054199, -0.2544032633304596, 0.9643498659133911, -0.6465023159980774, -0.7483072280883789, -0.1485642045736313, 0.7594250440597534, -0.6126300692558289, -0.21899373829364777], "cam_t_w2c": [6.110751152038574, 169.07102966308594, 348.0758361816406], "depth_scale": 0.1},
  "6": {"cam_K": [1075.650863647461, 0.0, 641.0689039230347, 0.0, 1073.903400728709, 507.7215923386309, 0.0, 0.0, 1.0], "cam_R_w2c": [0.6157920360565186, 0.6781167387962341, 0.40119558572769165, 0.7447234988212585, -0.6671967506408691, -0.015348141081631184, 0.2572685480117798, 0.30823102593421936, -0.9158639311790466], "cam_t_w2c": [-162.04713439941406, 17.062545776367188, 315.4204406738281], "depth_scale": 0.1},
  "7": {"cam_K": [1075.650863647461, 0.0, 641.0689039230347, 0.0, 1073.903400728709, 507.7215923386309, 0.0, 0.0, 1.0], "cam_R_w2c": [0.48496803641319275, -0.7510793805122375, -0.44797974824905396, -0.7951754331588745, -0.5919287800788879, 0.13159231841564178, -0.3640083372592926, 0.2924044132232666, -0.8843064308166504], "cam_t_w2c": [63.751766204833984, 156.4197998046875, 353.5043640136719], "depth_scale": 0.1},
  "8": {"cam_K": [1075.650863647461, 0.0, 641.0689039230347, 0.0, 1073.903400728709, 507.7215923386309, 0.0, 0.0, 1.0], "cam_R_w2c": [-0.11215566843748093, -0.5357939600944519, -0.8368667364120483, -0.6794644594192505, 0.655880868434906, -0.3288590908050537, 0.7250856161117554, 0.5317378044128418, -0.43761372566223145], "cam_t_w2c": [102.3204345703125, -14.428961753845215, 291.1938171386719], "depth_scale": 0.1},
  "9": {"cam_K": [1075.650863647461, 0.0, 641.0689039230347, 0.0, 1073.903400728709, 507.7215923386309, 0.0, 0.0, 1.0], "cam_R_w2c": [0.8340610861778259, -0.5490952730178833, -0.053258925676345825, -0.47153180837631226, -0.7596802711486816, 0.44782111048698425, -0.2863561809062958, -0.348396897315979, -0.8925356268882751], "cam_t_w2c": [-7.011284351348877, 140.1320343017578, 448.3002624511719], "depth_scale": 0.1},
  "10": {"cam_K": [1075.650863647461, 0.0, 641.0689039230347, 0.0, 1073.903400728709, 507.7215923386309, 0.0, 0.0, 1.0], "cam_R_w2c": [-0.9096657633781433, 0.40076830983161926, 0.10905902087688446, 0.40174394845962524, 0.7823706269264221, 0.475918173789978, 0.10540829598903656, 0.4767400324344635, -0.8727021217346191], "cam_t_w2c": [33.434261322021484, -156.6109619140625, 422.9242248535156], "depth_scale": 0.1},
  "11": {"cam_K": [1075.650863647461, 0.0, 641.0689039230347, 0.0, 1073.903400728709, 507.7215923386309, 0.0, 0.0, 1.0], "cam_R_w2c": [0.8945690393447876, 0.413707971572876, 0.16909176111221313, 0.44340837001800537, -0.8689491152763367, -0.21981200575828552, 0.05599410831928253, 0.2716136872768402, -0.9607765674591064], "cam_t_w2c": [-148.68968200683594, 78.86705017089844, 494.51092529296875], "depth_scale": 0.1},
  "12": {"cam_K": [1075.650863647461, 0.0, 641.0689039230347, 0.0, 1073.903400728709, 507.7215923386309, 0.0, 0.0, 1.0], "cam_R_w2c": [-0.6206082701683044, 0.5033835172653198, 0.6012075543403625, 0.6254876255989075, -0.14457494020462036, 0.7667225003242493, 0.4728749692440033, 0.8518821597099304, -0.22513580322265625], "cam_t_w2c": [-20.016555786132812, -59.30067443847656, 434.4184875488281], "depth_scale": 0.1},
  "13": {"cam_K": [1075.650863647461, 0.0, 641.0689039230347, 0.0, 1073.903400728709, 507.7215923386309, 0.0, 0.0, 1.0], "cam_R_w2c": [0.924273669719696, -0.37984132766723633, -0.03793080523610115, -0.3816911280155182, -0.9210320711135864, -0.07754161953926086, -0.005481966305524111, 0.08614753186702728, -0.9962677359580994], "cam_t_w2c": [-39.29145050048828, 164.6916961669922, 517.5637817382812], "depth_scale": 0.1},
  "14": {"cam_K": [1075.650863647461, 0.0, 641.0689039230347, 0.0, 1073.903400728709, 507.7215923386309, 0.0, 0.0, 1.0], "cam_R_w2c": [0.8975337147712708, 0.15244653820991516, 0.4137551486492157, 0.4355347752571106, -0.45304369926452637, -0.7778567671775818, 0.06886754184961319, 0.8783574104309082, -0.47301775217056274], "cam_t_w2c": [-118.87811279296875, 35.43101119995117, 510.64556884765625], "depth_scale": 0.1},
  "15": {"cam_K": [1075.650863647461, 0.0, 641.0689039230347, 0.0, 1073.903400728709, 507.7215923386309, 0.0, 0.0, 1.0], "cam_R_w2c": [-0.5668900609016418, -0.8013978004455566, 0.19078248739242554, -0.7787636518478394, 0.5968526601791382, 0.19311729073524475, -0.26863279938697815, -0.039098236709833145, -0.962449312210083], "cam_t_w2c": [160.91656494140625, -8.040355682373047, 415.48687744140625], "depth_scale": 0.1},
  "16": {"cam_K": [1075.650863647461, 0.0, 641.0689039230347, 0.0, 1073.903400728709, 507.7215923386309, 0.0, 0.0, 1.0], "cam_R_w2c": [-0.13116762042045593, -0.8666520118713379, -0.4813620150089264, -0.9246371984481812, -0.06817368417978287, 0.3746977746486664, -0.3575487732887268, 0.4942334294319153, -0.7923965454101562], "cam_t_w2c": [141.32806396484375, 92.774658203125, 388.7245788574219], "depth_scale": 0.1},
  "17": {"cam_K": [1075.650863647461, 0.0, 641.0689039230347, 0.0, 1073.903400728709, 507.7215923386309, 0.0, 0.0, 1.0], "cam_R_w2c": [0.802010178565979, -0.5927186608314514, 0.07392069697380066, -0.14968067407608032, -0.0796244665980339, 0.9855230450630188, -0.5782520174980164, -0.8014640212059021, -0.15257816016674042], "cam_t_w2c": [-0.7030041217803955, 3.987952709197998, 539.8975830078125], "depth_scale": 0.1},
  "18": {"cam_K": [1075.650863647461, 0.0, 641.0689039230347, 0.0, 1073.903400728709, 507.7215923386309, 0.0, 0.0, 1.0], "cam_R_w2c": [0.9786569476127625, -0.054347798228263855, -0.1981840878725052, -0.16883565485477448, -0.7624356746673584, -0.624648928642273, -0.1171543225646019, 0.6447775959968567, -0.7553388476371765], "cam_t_w2c": [-85.37593841552734, 134.06227111816406, 405.30047607421875], "depth_scale": 0.1},
  "19": {"cam_K": [1075.650863647461, 0.0, 641.0689039230347, 0.0, 1073.903400728709, 507.7215923386309, 0.0, 0.0, 1.0], "cam_R_w2c": [-0.7480754852294922, 0.6635234355926514, -0.010938710533082485, 0.06710189580917358, 0.09203115105628967, 0.993492603302002, 0.6602123379707336, 0.7424734830856323, -0.1133698970079422], "cam_t_w2c": [-15.652587890625, -41.016902923583984, 503.5794372558594], "depth_scale": 0.1},
  "20": {"cam_K": [1075.650863647461, 0.0, 641.0689039230347, 0.0, 1073.903400728709, 507.7215923386309, 0.0, 0.0, 1.0], "cam_R_w2c": [0.8877602219581604, -0.3471945822238922, 0.30222126841545105, -0.06188376620411873, -0.7406278848648071, -0.6690595746040344, 0.4561273753643036, 0.5752618908882141, -0.6789857149124146], "cam_t_w2c": [-47.585880279541016, 121.4635238647461, 398.25823974609375], "depth_scale": 0.1},
  "21": {"cam_K": [1075.650863647461, 0.0, 641.0689039230347, 0.0, 1073.903400728709, 507.7215923386309, 0.0, 0.0, 1.0], "cam_R_w2c": [-0.3541029095649719, -0.26060810685157776, -0.8981618285179138, -0.8138909935951233, 0.5589228272438049, 0.15870335698127747, 0.46064379811286926, 0.7872031331062317, -0.4100227952003479], "cam_t_w2c": [90.29905700683594, 1.3549389839172363, 420.71112060546875], "depth_scale": 0.1},
  "22": {"cam_K": [1075.650863647461, 0.0, 641.0689039230347, 0.0, 1073.903400728709, 507.7215923386309, 0.0, 0.0, 1.0], "cam_R_w2c": [0.8769322633743286, 0.030021730810403824, 0.47967544198036194, 0.2596004009246826, -0.8695176243782043, -0.42017483711242676, 0.40447184443473816, 0.49298879504203796, -0.7703016996383667], "cam_t_w2c": [-101.65438079833984, 101.59278106689453, 403.1243591308594], "depth_scale": 0.1},
  "23": {"cam_K": [1075.650863647461, 0.0, 641.0689039230347, 0.0, 1073.903400728709, 507.7215923386309, 0.0, 0.0, 1.0], "cam_R_w2c": [-0.051293279975652695, 0.9855682253837585, 0.1613209843635559, 0.4137409031391144, -0.12604841589927673, 0.9016265869140625, 0.9089486598968506, 0.11299236863851547, -0.40130454301834106], "cam_t_w2c": [-132.33323669433594, -43.772151947021484, 419.0216979980469], "depth_scale": 0.1},
  "24": {"cam_K": [1075.650863647461, 0.0, 641.0689039230347, 0.0, 1073.903400728709, 507.7215923386309, 0.0, 0.0, 1.0], "cam_R_w2c": [-0.4613717794418335, -0.7034949660301208, 0.5405843257904053, 0.23292145133018494, 0.4918930232524872, 0.8389213681221008, -0.8560865521430969, 0.512968122959137, -0.06308665126562119], "cam_t_w2c": [129.4509735107422, -108.38671875, 476.0946960449219], "depth_scale": 0.1},
  "25": {"cam_K": [1075.650863647461, 0.0, 641.0689039230347, 0.0, 1073.903400728709, 507.7215923386309, 0.0, 0.0, 1.0], "cam_R_w2c": [0.5314385890960693, -0.7677152156829834, -0.35803136229515076, -0.845287024974823, -0.5082218050956726, -0.16492579877376556, -0.05534329265356064, 0.3902871906757355, -0.9190284013748169], "cam_t_w2c": [201.15948486328125, 61.31529998779297, 397.5722961425781], "depth_scale": 0.1},
  "26": {"cam_K": [1075.650863647461, 0.0, 641.0689039230347, 0.0, 1073.903400728709, 507.7215923386309, 0.0, 0.0, 1.0], "cam_R_w2c": [0.08796756714582443, 0.3307190537452698, 0.9396205544471741, 0.9275916218757629, 0.31663262844085693, -0.1982870101928711, -0.3630918860435486, 0.8890268802642822, -0.2789188325405121], "cam_t_w2c": [-85.4143295288086, -8.015217781066895, 394.9235534667969], "depth_scale": 0.1},
  "27": {"cam_K": [1075.650863647461, 0.0, 641.0689039230347, 0.0, 1073.903400728709, 507.7215923386309, 0.0, 0.0, 1.0], "cam_R_w2c": [-0.8234590888023376, -0.5659985542297363, 0.03951102867722511, -0.2196691632270813, 0.38224902749061584, 0.8975696563720703, -0.5231261253356934, 0.730432391166687, -0.43909892439842224], "cam_t_w2c": [70.27452087402344, -113.41766357421875, 459.1851501464844], "depth_scale": 0.1},
  "28": {"cam_K": [1075.650863647461, 0.0, 641.0689039230347, 0.0, 1073.903400728709, 507.7215923386309, 0.0, 0.0, 1.0], "cam_R_w2c": [-0.9658387303352356, 0.2179235816001892, 0.14023207128047943, 0.25909414887428284, 0.8226884007453918, 0.506017804145813, -0.005094085820019245, 0.5250648856163025, -0.8510470986366272], "cam_t_w2c": [-105.78572845458984, -169.63787841796875, 275.53497314453125], "depth_scale": 0.1},
  "29": {"cam_K": [1075.650863647461, 0.0, 641.0689039230347, 0.0, 1073.903400728709, 507.7215923386309, 0.0, 0.0, 1.0], "cam_R_w2c": [0.6840218901634216, 0.7293738126754761, -0.011310389265418053, 0.6386987566947937, -0.6063312292098999, -0.4737366735935211, -0.3523889482021332, 0.316822350025177, -0.88059401512146], "cam_t_w2c": [-113.56806945800781, 175.9452362060547, 400.76788330078125], "depth_scale": 0.1},
  "30": {"cam_K": [1075.650863647461, 0.0, 641.0689039230347, 0.0, 1073.903400728709, 507.7215923386309, 0.0, 0.0, 1.0], "cam_R_w2c": [-0.5837910771369934, 0.4351402223110199, 0.685449481010437, 0.7403594255447388, 0.631838858127594, 0.229450523853302, -0.3332504630088806, 0.641430139541626, -0.6910220384597778], "cam_t_w2c": [-141.2649383544922, -94.99369812011719, 349.8158874511719], "depth_scale": 0.1},
  "31": {"cam_K": [1075.650863647461, 0.0, 641.0689039230347, 0.0, 1073.903400728709, 507.7215923386309, 0.0, 0.0, 1.0], "cam_R_w2c": [-0.4518415629863739, 0.06391938775777817, -0.8898057341575623, -0.4212477505207062, 0.8639392256736755, 0.275969922542572, 0.7863779067993164, 0.4995231628417969, -0.36343780159950256], "cam_t_w2c": [-20.346487045288086, -213.19082641601562, 493.2822265625], "depth_scale": 0.1},
  "32": {"cam_K": [1075.650863647461, 0.0, 641.0689039230347, 0.0, 1073.903400728709, 507.7215923386309, 0.0, 0.0, 1.0], "cam_R_w2c": [0.3253442347049713, 0.8808852434158325, 0.3437912166118622, 0.9410082101821899, -0.26584020256996155, -0.20936261117458344, -0.09303092211484909, 0.3916252851486206, -0.9154098033905029], "cam_t_w2c": [-174.4491729736328, 115.97088623046875, 420.40570068359375], "depth_scale": 0.1},
  "33": {"cam_K": [1075.650863647461, 0.0, 641.0689039230347, 0.0, 1073.903400728709, 507.7215923386309, 0.0, 0.0, 1.0], "cam_R_w2c": [-0.5553029179573059, 0.00977935642004013, 0.8315906524658203, 0.6423067450523376, 0.6402208805084229, 0.42137783765792847, -0.5282809138298035, 0.7681286334991455, -0.36179789900779724], "cam_t_w2c": [-53.03313064575195, -106.7595443725586, 364.92474365234375], "depth_scale": 0.1},
  "34": {"cam_K": [1075.650863647461, 0.0, 641.0689039230347, 0.0, 1073.903400728709, 507.7215923386309, 0.0, 0.0, 1.0], "cam_R_w2c": [-0.9362118244171143, -0.3323964774608612, -0.11410612612962723, -0.33187320828437805, 0.729379415512085, 0.5982189178466797, -0.11561918258666992, 0.5979283452033997, -0.7931671738624573], "cam_t_w2c": [17.74092674255371, -186.6629180908203, 240.73936462402344], "depth_scale": 0.1},
  "35": {"cam_K": [1075.650863647461, 0.0, 641.0689039230347, 0.0, 1073.903400728709, 507.7215923386309, 0.0, 0.0, 1.0], "cam_R_w2c": [0.5133522152900696, 0.8580572009086609, -0.014399145729839802, 0.27262595295906067, -0.17896823585033417, -0.9453281760215759, -0.8137226700782776, 0.48136067390441895, -0.32580238580703735], "cam_t_w2c": [-150.68028259277344, 74.6704330444336, 341.29833984375], "depth_scale": 0.1},
  "36": {"cam_K": [1075.650863647461, 0.0, 641.0689039230347, 0.0, 1073.903400728709, 507.7215923386309, 0.0, 0.0, 1.0], "cam_R_w2c": [-0.2795526683330536, -0.32796046137809753, -0.9023815393447876, -0.8441032767295837, -0.3639242947101593, 0.3937625288963318, -0.4575369954109192, 0.871780514717102, -0.17509663105010986], "cam_t_w2c": [72.76483917236328, 18.577787399291992, 448.1523742675781], "depth_scale": 0.1},
  "37": {"cam_K": [1075.650863647461, 0.0, 641.0689039230347, 0.0, 1073.903400728709, 507.7215923386309, 0.0, 0.0, 1.0], "cam_R_w2c": [0.2498599737882614, -0.706757664680481, -0.6618638038635254, -0.6437696218490601, -0.6318408846855164, 0.43166887760162354, -0.7232778072357178, 0.3182309865951538, -0.612860918045044], "cam_t_w2c": [178.48081970214844, 86.05238342285156, 279.2073059082031], "depth_scale": 0.1},
  "38": {"cam_K": [1075.650863647461, 0.0, 641.0689039230347, 0.0, 1073.903400728709, 507.7215923386309, 0.0, 0.0, 1.0], "cam_R_w2c": [-0.8316063284873962, -0.16585293412208557, -0.5300225615501404, -0.4152073264122009, 0.819483757019043, 0.39503076672554016, 0.36882784962654114, 0.5485792756080627, -0.7503512501716614], "cam_t_w2c": [-2.083707571029663, -206.08348083496094, 454.19378662109375], "depth_scale": 0.1},
  "39": {"cam_K": [1075.650863647461, 0.0, 641.0689039230347, 0.0, 1073.903400728709, 507.7215923386309, 0.0, 0.0, 1.0], "cam_R_w2c": [0.41565990447998047, 0.7978971600532532, -0.4365626573562622, 0.1777522712945938, -0.5420013070106506, -0.8213639259338379, -0.8919814825057983, 0.26380807161331177, -0.3671162724494934], "cam_t_w2c": [-134.38475036621094, 142.9954376220703, 440.1272277832031], "depth_scale": 0.1},
  "40": {"cam_K": [1075.650863647461, 0.0, 641.0689039230347, 0.0, 1073.903400728709, 507.7215923386309, 0.0, 0.0, 1.0], "cam_R_w2c": [-0.10320761799812317, 0.6543026566505432, 0.7491570711135864, 0.7956920266151428, -0.3976329565048218, 0.45690515637397766, 0.5968437790870667, 0.6432543396949768, -0.479584664106369], "cam_t_w2c": [-160.73025512695312, 120.53792572021484, 458.09100341796875], "depth_scale": 0.1},
  "41": {"cam_K": [1075.650863647461, 0.0, 641.0689039230347, 0.0, 1073.903400728709, 507.7215923386309, 0.0, 0.0, 1.0], "cam_R_w2c": [-0.42846283316612244, -0.2677328586578369, 0.8629826307296753, 0.5873374938964844, 0.6432600021362305, 0.4911733865737915, -0.6866254806518555, 0.717311441898346, -0.11836352944374084], "cam_t_w2c": [12.29714584350586, -112.16963958740234, 323.7396545410156], "depth_scale": 0.1},
  "42": {"cam_K": [1075.650863647461, 0.0, 641.0689039230347, 0.0, 1073.903400728709, 507.7215923386309, 0.0, 0.0, 1.0], "cam_R_w2c": [0.09075937420129776, 0.9938439726829529, -0.06353646516799927, 0.806069552898407, -0.11077792942523956, -0.5813606381416321, -0.5848202109336853, 0.0015491228550672531, -0.8111615180969238], "cam_t_w2c": [-203.05955505371094, 83.54041290283203, 384.35040283203125], "depth_scale": 0.1},
  "43": {"cam_K": [1075.650863647461, 0.0, 641.0689039230347, 0.0, 1073.903400728709, 507.7215923386309, 0.0, 0.0, 1.0], "cam_R_w2c": [-0.6009725332260132, -0.23381145298480988, -0.7643064856529236, -0.45710864663124084, 0.8849771022796631, 0.08869731426239014, 0.6556552648544312, 0.40267571806907654, -0.638724148273468], "cam_t_w2c": [30.975252151489258, -215.59756469726562, 346.53692626953125], "depth_scale": 0.1},
  "44": {"cam_K": [1075.650863647461, 0.0, 641.0689039230347, 0.0, 1073.903400728709, 507.7215923386309, 0.0, 0.0, 1.0], "cam_R_w2c": [-0.35388675332069397, -0.23693199455738068, 0.9047805070877075, 0.5403957366943359, 0.7377683520317078, 0.40456196665763855, -0.7633721232414246, 0.6321085095405579, -0.13304947316646576], "cam_t_w2c": [9.248647689819336, -132.9604949951172, 333.9294128417969], "depth_scale": 0.1},
  "45": {"cam_K": [1075.650863647461, 0.0, 641.0689039230347, 0.0, 1073.903400728709, 507.7215923386309, 0.0, 0.0, 1.0], "cam_R_w2c": [-0.5237751007080078, 0.6900034546852112, 0.4995548725128174, 0.8137891888618469, 0.5786463022232056, 0.0539969801902771, -0.25180748105049133, 0.43481460213661194, -0.8645979166030884], "cam_t_w2c": [-187.4332733154297, -75.57829284667969, 268.175537109375], "depth_scale": 0.1},
  "46": {"cam_K": [1075.650863647461, 0.0, 641.0689039230347, 0.0, 1073.903400728709, 507.7215923386309, 0.0, 0.0, 1.0], "cam_R_w2c": [-0.897250235080719, -0.43897396326065063, 0.04737260192632675, -0.38746216893196106, 0.8342884182929993, 0.3922192454338074, -0.21169643104076385, 0.3335636556148529, -0.918651282787323], "cam_t_w2c": [38.95634078979492, -207.51800537109375, 400.56231689453125], "depth_scale": 0.1},
  "47": {"cam_K": [1075.650863647461, 0.0, 641.0689039230347, 0.0, 1073.903400728709, 507.7215923386309, 0.0, 0.0, 1.0], "cam_R_w2c": [0.9784601330757141, -0.008436843752861023, 0.2062634527683258, 0.036896947771310806, -0.9759281873703003, -0.2149481326341629, 0.20311181247234344, 0.2179286628961563, -0.9545955061912537], "cam_t_w2c": [54.64851760864258, 212.92434692382812, 407.22235107421875], "depth_scale": 0.1},
  "48": {"cam_K": [1075.650863647461, 0.0, 641.0689039230347, 0.0, 1073.903400728709, 507.7215923386309, 0.0, 0.0, 1.0], "cam_R_w2c": [0.7204092741012573, 0.6836201548576355, 0.11693566292524338, 0.6685529947280884, -0.6396458745002747, -0.3793286383152008, -0.18451929092407227, 0.35144954919815063, -0.9178431034088135], "cam_t_w2c": [-104.60867309570312, 182.6432647705078, 453.8111267089844], "depth_scale": 0.1},
  "49": {"cam_K": [1075.650863647461, 0.0, 641.0689039230347, 0.0, 1073.903400728709, 507.7215923386309, 0.0, 0.0, 1.0], "cam_R_w2c": [0.5185953378677368, -0.4875134527683258, -0.7024169564247131, -0.8125370740890503, -0.5367345213890076, -0.22737593948841095, -0.2661625146865845, 0.6886558532714844, -0.6744707822799683], "cam_t_w2c": [148.86900329589844, 70.63630676269531, 484.5202941894531], "depth_scale": 0.1},
  "50": {"cam_K": [1075.650863647461, 0.0, 641.0689039230347, 0.0, 1073.903400728709, 507.7215923386309, 0.0, 0.0, 1.0], "cam_R_w2c": [-0.13616696000099182, 0.34330520033836365, -0.9293009042739868, 0.9195873737335205, 0.3927493691444397, 0.010347066447138786, 0.36853456497192383, -0.8531644344329834, -0.3691786527633667], "cam_t_w2c": [101.99501037597656, 37.65068817138672, 354.8543701171875], "depth_scale": 0.1},
  "51": {"cam_K": [1075.650863647461, 0.0, 641.0689039230347, 0.0, 1073.903400728709, 507.7215923386309, 0.0, 0.0, 1.0], "cam_R_w2c": [0.5402957201004028, -0.5614873170852661, -0.6267476081848145, 0.08379608392715454, -0.7052163481712341, 0.7040229439735413, -0.8372925519943237, -0.4328995645046234, -0.3339749574661255], "cam_t_w2c": [-174.38998413085938, -188.6588134765625, 416.1134338378906], "depth_scale": 0.1},
  "52": {"cam_K": [1075.650863647461, 0.0, 641.0689039230347, 0.0, 1073.903400728709, 507.7215923386309, 0.0, 0.0, 1.0], "cam_R_w2c": [-0.14685887098312378, -0.982193112373352, 0.11717217415571213, -0.8430647253990173, 0.0623292550444603, -0.5341882705688477, 0.5173727869987488, -0.17723394930362701, -0.8372060060501099], "cam_t_w2c": [-239.54298400878906, 75.77268981933594, 431.2497863769531], "depth_scale": 0.1},
  "53": {"cam_K": [1075.650863647461, 0.0, 641.0689039230347, 0.0, 1073.903400728709, 507.7215923386309, 0.0, 0.0, 1.0], "cam_R_w2c": [0.6736816763877869, 0.30784374475479126, -0.6718521118164062, 0.7197677493095398, -0.4794798195362091, 0.5020294189453125, -0.1675928831100464, -0.8217855095863342, -0.5445927977561951], "cam_t_w2c": [37.024208068847656, -172.8970184326172, 332.6628112792969], "depth_scale": 0.1},
  "54": {"cam_K": [1075.650863647461, 0.0, 641.0689039230347, 0.0, 1073.903400728709, 507.7215923386309, 0.0, 0.0, 1.0], "cam_R_w2c": [0.643822431564331, 0.22196461260318756, -0.732273519039154, 0.6972458362579346, -0.5643817782402039, 0.44195207953453064, -0.3151840269565582, -0.7951132655143738, -0.518125593662262], "cam_t_w2c": [17.673852920532227, -192.4945831298828, 281.4263000488281], "depth_scale": 0.1},
  "55": {"cam_K": [1075.650863647461, 0.0, 641.0689039230347, 0.0, 1073.903400728709, 507.7215923386309, 0.0, 0.0, 1.0], "cam_R_w2c": [-0.2743682861328125, 0.7157760858535767, -0.6421734690666199, 0.6434301733970642, 0.6329337954521179, 0.4305722415447235, 0.714646577835083, -0.29505839943885803, -0.6342088580131531], "cam_t_w2c": [203.7248077392578, 114.29736328125, 488.0982971191406], "depth_scale": 0.1},
  "56": {"cam_K": [1075.650863647461, 0.0, 641.0689039230347, 0.0, 1073.903400728709, 507.7215923386309, 0.0, 0.0, 1.0], "cam_R_w2c": [0.576012909412384, -0.3278266489505768, -0.748824954032898, 0.1457083821296692, -0.8602134585380554, 0.4886733889579773, -0.8043495416641235, -0.39059221744537354, -0.44772690534591675], "cam_t_w2c": [-116.85279846191406, -230.67384338378906, 340.3835144042969], "depth_scale": 0.1},
  "57": {"cam_K": [1075.650863647461, 0.0, 641.0689039230347, 0.0, 1073.903400728709, 507.7215923386309, 0.0, 0.0, 1.0], "cam_R_w2c": [-0.5316905379295349, 0.21878860890865326, -0.8181912899017334, -0.017902256920933723, 0.9629379510879517, 0.2691281735897064, 0.8467496037483215, 0.15774033963680267, -0.5080682039260864], "cam_t_w2c": [96.30366516113281, 243.25253295898438, 343.8138122558594], "depth_scale": 0.1},
  "58": {"cam_K": [1075.650863647461, 0.0, 641.0689039230347, 0.0, 1073.903400728709, 507.7215923386309, 0.0, 0.0, 1.0], "cam_R_w2c": [-0.9321630597114563, -0.34189555048942566, 0.11907864362001419, -0.3481754660606384, 0.7564408779144287, -0.5536885857582092, 0.09922768920660019, -0.5575882196426392, -0.824165940284729], "cam_t_w2c": [-24.76125717163086, 218.40591430664062, 312.4102478027344], "depth_scale": 0.1},
  "59": {"cam_K": [1075.650863647461, 0.0, 641.0689039230347, 0.0, 1073.903400728709, 507.7215923386309, 0.0, 0.0, 1.0], "cam_R_w2c": [-0.9431515336036682, -0.26418280601501465, 0.20167680084705353, -0.3299771845340729, 0.816883385181427, -0.4730926752090454, -0.03976352512836456, -0.5127465724945068, -0.8576192259788513], "cam_t_w2c": [-4.879003524780273, 231.9702911376953, 497.13458251953125], "depth_scale": 0.1},
  "60": {"cam_K": [1075.650863647461, 0.0, 641.0689039230347, 0.0, 1073.903400728709, 507.7215923386309, 0.0, 0.0, 1.0], "cam_R_w2c": [-0.893007218837738, 0.4190441071987152, -0.16413502395153046, 0.4487745463848114, 0.8565133810043335, -0.25492405891418457, 0.03375941514968872, -0.30130863189697266, -0.9529289603233337], "cam_t_w2c": [167.06031799316406, 188.34765625, 300.9518127441406], "depth_scale": 0.1},
  "61": {"cam_K": [1075.650863647461, 0.0, 641.0689039230347, 0.0, 1073.903400728709, 507.7215923386309, 0.0, 0.0, 1.0], "cam_R_w2c": [-0.9987626075744629, -0.03098091296851635, -0.03890223801136017, -0.009641491807997227, 0.8880331516265869, -0.4596783220767975, 0.04878773167729378, -0.4587344527244568, -0.8872330188751221], "cam_t_w2c": [59.4290657043457, 228.40005493164062, 463.5498046875], "depth_scale": 0.1},
  "62": {"cam_K": [1075.650863647461, 0.0, 641.0689039230347, 0.0, 1073.903400728709, 507.7215923386309, 0.0, 0.0, 1.0], "cam_R_w2c": [-0.16504329442977905, -0.4562620520591736, -0.8744059205055237, -0.3543795347213745, 0.8547918200492859, -0.37913867831230164, 0.9204216003417969, 0.2472972869873047, -0.3027675747871399], "cam_t_w2c": [-98.83393096923828, 242.60340881347656, 354.5004577636719], "depth_scale": 0.1},
  "63": {"cam_K": [1075.650863647461, 0.0, 641.0689039230347, 0.0, 1073.903400728709, 507.7215923386309, 0.0, 0.0, 1.0], "cam_R_w2c": [0.21601425111293793, 0.8134990930557251, -0.5399603247642517, 0.9661118388175964, -0.09805098921060562, 0.2387760877609253, 0.1413005143404007, -0.5732410550117493, -0.8071115016937256], "cam_t_w2c": [194.90213012695312, -91.18234252929688, 284.9320983886719], "depth_scale": 0.1},
  "64": {"cam_K": [1075.650863647461, 0.0, 641.0689039230347, 0.0, 1073.903400728709, 507.7215923386309, 0.0, 0.0, 1.0], "cam_R_w2c": [0.23503278195858002, 0.020877089351415634, -0.9717631936073303, 0.931840717792511, -0.289205938577652, 0.21916382014751434, -0.27646416425704956, -0.9570392370223999, -0.08742699772119522], "cam_t_w2c": [-4.267618656158447, -137.14927673339844, 296.36578369140625], "depth_scale": 0.1},
  "65": {"cam_K": [1075.650863647461, 0.0, 641.0689039230347, 0.0, 1073.903400728709, 507.7215923386309, 0.0, 0.0, 1.0], "cam_R_w2c": [-0.34685835242271423, -0.03719387203454971, -0.9371799230575562, 0.6436350345611572, 0.7173655033111572, -0.2666848599910736, 0.6822196245193481, -0.6957035660743713, -0.2248849719762802], "cam_t_w2c": [19.858354568481445, 140.12034606933594, 345.7722473144531], "depth_scale": 0.1},
  "66": {"cam_K": [1075.650863647461, 0.0, 641.0689039230347, 0.0, 1073.903400728709, 507.7215923386309, 0.0, 0.0, 1.0], "cam_R_w2c": [-0.1419799029827118, -0.9896608591079712, 0.020325442776083946, -0.14901699125766754, 0.0010699728736653924, -0.9888340830802917, 0.9785886406898499, -0.143423393368721, -0.14762821793556213], "cam_t_w2c": [-241.1411895751953, 16.59937286376953, 485.396484375], "depth_scale": 0.1},
  "67": {"cam_K": [1075.650863647461, 0.0, 641.0689039230347, 0.0, 1073.903400728709, 507.7215923386309, 0.0, 0.0, 1.0], "cam_R_w2c": [-0.8637232184410095, 0.23229828476905823, -0.44723600149154663, 0.4513229727745056, 0.7514247894287109, -0.48131945729255676, 0.2242545485496521, -0.6175745725631714, -0.753864586353302], "cam_t_w2c": [119.63108825683594, 163.02171325683594, 242.16839599609375], "depth_scale": 0.1},
  "68": {"cam_K": [1075.650863647461, 0.0, 641.0689039230347, 0.0, 1073.903400728709, 507.7215923386309, 0.0, 0.0, 1.0], "cam_R_w2c": [0.48061466217041016, 0.1201942041516304, -0.8686559200286865, 0.8761496543884277, -0.023982349783182144, 0.4814426600933075, 0.03703435882925987, -0.9924608469009399, -0.11683445423841476], "cam_t_w2c": [3.735123634338379, -67.94746398925781, 359.8460388183594], "depth_scale": 0.1},
  "69": {"cam_K": [1075.650863647461, 0.0, 641.0689039230347, 0.0, 1073.903400728709, 507.7215923386309, 0.0, 0.0, 1.0], "cam_R_w2c": [-0.9968344569206238, 0.038855504244565964, -0.06936769932508469, 0.06525849550962448, 0.8982322216033936, -0.4346495568752289, 0.04541977867484093, -0.4378003776073456, -0.8979244828224182], "cam_t_w2c": [77.17415618896484, 225.79562377929688, 439.8802490234375], "depth_scale": 0.1},
  "70": {"cam_K": [1075.650863647461, 0.0, 641.0689039230347, 0.0, 1073.903400728709, 507.7215923386309, 0.0, 0.0, 1.0], "cam_R_w2c": [0.4574825167655945, -0.08580738306045532, 0.8850688338279724, -0.6939476728439331, -0.6568121314048767, 0.2950161397457123, 0.5560093522071838, -0.7491561770439148, -0.36002594232559204], "cam_t_w2c": [-58.08695983886719, -121.59605407714844, 530.2662353515625], "depth_scale": 0.1},
  "71": {"cam_K": [1075.650863647461, 0.0, 641.0689039230347, 0.0, 1073.903400728709, 507.7215923386309, 0.0, 0.0, 1.0], "cam_R_w2c": [0.23169170320034027, -0.9138386249542236, 0.3334941864013672, -0.9703795909881592, -0.19299663603305817, 0.14531472325325012, -0.06843101233243942, -0.3572841286659241, -0.9314860701560974], "cam_t_w2c": [-249.026123046875, 15.330202102661133, 411.852783203125], "depth_scale": 0.1},
  "72": {"cam_K": [1075.650863647461, 0.0, 641.0689039230347, 0.0, 1073.903400728709, 507.7215923386309, 0.0, 0.0, 1.0], "cam_R_w2c": [0.670896053314209, -0.6621420383453369, 0.333866149187088, -0.74058997631073, -0.6211965680122375, 0.25620701909065247, 0.037750985473394394, -0.41914618015289307, -0.9071341156959534], "cam_t_w2c": [-214.78330993652344, -109.20130920410156, 413.3699645996094], "depth_scale": 0.1},
  "73": {"cam_K": [1075.650863647461, 0.0, 641.0689039230347, 0.0, 1073.903400728709, 507.7215923386309, 0.0, 0.0, 1.0], "cam_R_w2c": [-0.7096051573753357, 0.6886561512947083, -0.1490415334701538, 0.19680942595005035, -0.009384806267917156, -0.9803968667984009, -0.6765550374984741, -0.7250273823738098, -0.12887457013130188], "cam_t_w2c": [222.91024780273438, -9.30833911895752, 206.9741668701172], "depth_scale": 0.1},
  "74": {"cam_K": [1075.650863647461, 0.0, 641.0689039230347, 0.0, 1073.903400728709, 507.7215923386309, 0.0, 0.0, 1.0], "cam_R_w2c": [-0.11656684428453445, -0.7831600904464722, 0.6107967495918274, -0.8386542797088623, -0.25183191895484924, -0.48294922709465027, 0.5320445895195007, -0.5685430765151978, -0.6274453401565552], "cam_t_w2c": [-194.34849548339844, -4.383125305175781, 267.0375671386719], "depth_scale": 0.1},
  "75": {"cam_K": [1075.650863647461, 0.0, 641.0689039230347, 0.0, 1073.903400728709, 507.7215923386309, 0.0, 0.0, 1.0], "cam_R_w2c": [0.7168991565704346, 0.4213467836380005, -0.5554479956626892, 0.6638793349266052, -0.6558504104614258, 0.3593389391899109, -0.21288450062274933, -0.6263602375984192, -0.7499020099639893], "cam_t_w2c": [108.91226196289062, -103.17134094238281, 454.3926696777344], "depth_scale": 0.1},
  "76": {"cam_K": [1075.650863647461, 0.0, 641.0689039230347, 0.0, 1073.903400728709, 507.7215923386309, 0.0, 0.0, 1.0], "cam_R_w2c": [-0.8839799761772156, 0.4086516797542572, -0.22712144255638123, 0.35556960105895996, 0.27221161127090454, -0.8941316604614258, -0.3035632073879242, -0.8711515665054321, -0.3859340250492096], "cam_t_w2c": [48.64865493774414, 74.21208953857422, 529.2095947265625], "depth_scale": 0.1},
  "77": {"cam_K": [1075.650863647461, 0.0, 641.0689039230347, 0.0, 1073.903400728709, 507.7215923386309, 0.0, 0.0, 1.0], "cam_R_w2c": [0.8250517249107361, 0.014191696420311928, -0.5648789405822754, 0.18605591356754303, -0.9507611989974976, 0.24786345660686493, -0.5335473418235779, -0.30959925055503845, -0.7870675921440125], "cam_t_w2c": [37.95793533325195, -171.65383911132812, 324.2296447753906], "depth_scale": 0.1},
  "78": {"cam_K": [1075.650863647461, 0.0, 641.0689039230347, 0.0, 1073.903400728709, 507.7215923386309, 0.0, 0.0, 1.0], "cam_R_w2c": [-0.5019062757492065, -0.854121744632721, -0.13625825941562653, -0.7577030658721924, 0.5101695656776428, -0.40695592761039734, 0.41710472106933594, -0.10101041197776794, -0.9032279253005981], "cam_t_w2c": [-171.5261993408203, 73.98011016845703, 400.4112243652344], "depth_scale": 0.1},
  "79": {"cam_K": [1075.650863647461, 0.0, 641.0689039230347, 0.0, 1073.903400728709, 507.7215923386309, 0.0, 0.0, 1.0], "cam_R_w2c": [0.6478000283241272, 0.3770013451576233, -0.6619857549667358, 0.609376072883606, 0.2650543749332428, 0.7472662925720215, 0.4571826159954071, -0.8874773979187012, -0.05803336203098297], "cam_t_w2c": [99.9534912109375, 58.5590705871582, 344.18145751953125], "depth_scale": 0.1},
  "80": {"cam_K": [1075.650863647461, 0.0, 641.0689039230347, 0.0, 1073.903400728709, 507.7215923386309, 0.0, 0.0, 1.0], "cam_R_w2c": [0.6065729260444641, 0.026570722460746765, -0.7945837378501892, 0.2855757772922516, -0.9400202631950378, 0.18657004833221436, -0.741967499256134, -0.34008219838142395, -0.5777788162231445], "cam_t_w2c": [36.13572311401367, -165.5138702392578, 366.31744384765625], "depth_scale": 0.1},
  "81": {"cam_K": [1075.650863647461, 0.0, 641.0689039230347, 0.0, 1073.903400728709, 507.7215923386309, 0.0, 0.0, 1.0], "cam_R_w2c": [-0.5472522974014282, -0.4229624569416046, 0.7222316265106201, -0.8353784680366516, 0.3291884958744049, -0.44020235538482666, -0.05156146362423897, -0.8442381620407104, -0.53348308801651], "cam_t_w2c": [-105.86943054199219, 38.6519660949707, 356.7619323730469], "depth_scale": 0.1},
  "82": {"cam_K": [1075.650863647461, 0.0, 641.0689039230347, 0.0, 1073.903400728709, 507.7215923386309, 0.0, 0.0, 1.0], "cam_R_w2c": [-0.8754228353500366, 0.23276884853839874, 0.42361968755722046, 0.09836824238300323, 0.943863570690155, -0.3153494596481323, -0.47324270009994507, -0.23439337313175201, -0.8491767644882202], "cam_t_w2c": [7.629013538360596, 180.80860900878906, 504.9227600097656], "depth_scale": 0.1},
  "83": {"cam_K": [1075.650863647461, 0.0, 641.0689039230347, 0.0, 1073.903400728709, 507.7215923386309, 0.0, 0.0, 1.0], "cam_R_w2c": [0.524580717086792, 0.6857719421386719, 0.5045116543769836, -0.24597671627998352, -0.4452379643917084, 0.8609638810157776, 0.8150525093078613, -0.5757431983947754, -0.0648793950676918], "cam_t_w2c": [136.28343200683594, -101.83840942382812, 427.9107971191406], "depth_scale": 0.1},
  "84": {"cam_K": [1075.650863647461, 0.0, 641.0689039230347, 0.0, 1073.903400728709, 507.7215923386309, 0.0, 0.0, 1.0], "cam_R_w2c": [-0.13799786567687988, 0.7892096042633057, -0.5984187126159668, 0.1928194910287857, -0.5712314248085022, -0.7978192567825317, -0.9714820981025696, -0.22548405826091766, -0.07334641367197037], "cam_t_w2c": [148.48977661132812, -87.27850341796875, 309.9162292480469], "depth_scale": 0.1},
  "85": {"cam_K": [1075.650863647461, 0.0, 641.0689039230347, 0.0, 1073.903400728709, 507.7215923386309, 0.0, 0.0, 1.0], "cam_R_w2c": [-0.7230822443962097, 0.6655219197273254, -0.18502123653888702, 0.6115195751190186, 0.49217668175697327, -0.6195207834243774, -0.32124149799346924, -0.5611084699630737, -0.7628639340400696], "cam_t_w2c": [100.55016326904297, 119.28237915039062, 327.6605224609375], "depth_scale": 0.1},
  "86": {"cam_K": [1075.650863647461, 0.0, 641.0689039230347, 0.0, 1073.903400728709, 507.7215923386309, 0.0, 0.0, 1.0], "cam_R_w2c": [0.37072402238845825, 0.868503987789154, -0.3290358781814575, 0.920745313167572, -0.3900873064994812, 0.007750301156193018, -0.1216215267777443, -0.3058314621448517, -0.9442857503890991], "cam_t_w2c": [176.25466918945312, -40.96995544433594, 285.79327392578125], "depth_scale": 0.1},
  "87": {"cam_K": [1075.650863647461, 0.0, 641.0689039230347, 0.0, 1073.903400728709, 507.7215923386309, 0.0, 0.0, 1.0], "cam_R_w2c": [0.006488483399152756, 0.9983496069908142, 0.05706394091248512, 0.8668015599250793, 0.022838471457362175, -0.4981302320957184, -0.49861130118370056, 0.05269528552889824, -0.8652228116989136], "cam_t_w2c": [182.56712341308594, 40.008853912353516, 398.6389465332031], "depth_scale": 0.1},
  "88": {"cam_K": [1075.650863647461, 0.0, 641.0689039230347, 0.0, 1073.903400728709, 507.7215923386309, 0.0, 0.0, 1.0], "cam_R_w2c": [0.8584616184234619, 0.33347707986831665, 0.38966232538223267, -0.04410408437252045, -0.708942711353302, 0.7038858532905579, 0.5109779834747314, -0.6214447021484375, -0.5938923954963684], "cam_t_w2c": [84.38323974609375, -141.3015594482422, 390.85882568359375], "depth_scale": 0.1},
  "89": {"cam_K": [1075.650863647461, 0.0, 641.0689039230347, 0.0, 1073.903400728709, 507.7215923386309, 0.0, 0.0, 1.0], "cam_R_w2c": [-0.5021446943283081, 0.5962197780609131, -0.6263965368270874, 0.693102240562439, -0.1557043045759201, -0.7038219571113586, -0.5171652436256409, -0.7875773310661316, -0.3350551128387451], "cam_t_w2c": [101.33462524414062, 4.322235584259033, 339.9148254394531], "depth_scale": 0.1},
  "90": {"cam_K": [1075.650863647461, 0.0, 641.0689039230347, 0.0, 1073.903400728709, 507.7215923386309, 0.0, 0.0, 1.0], "cam_R_w2c": [0.22172760963439941, 0.3148801922798157, 0.922869086265564, 0.6483116149902344, -0.7545538544654846, 0.10168878734111786, 0.728374183177948, 0.5757595300674438, -0.3714459240436554], "cam_t_w2c": [52.335784912109375, -118.21794891357422, 505.0693054199219], "depth_scale": 0.1},
  "91": {"cam_K": [1075.650863647461, 0.0, 641.0689039230347, 0.0, 1073.903400728709, 507.7215923386309, 0.0, 0.0, 1.0], "cam_R_w2c": [-0.7421432137489319, 0.14714089035987854, -0.6538906097412109, 0.6441242694854736, 0.4262658655643463, -0.6351388096809387, 0.1852763593196869, -0.8925508260726929, -0.41112732887268066], "cam_t_w2c": [11.332807540893555, 108.49543762207031, 517.617431640625], "depth_scale": 0.1},
  "92": {"cam_K": [1075.650863647461, 0.0, 641.0689039230347, 0.0, 1073.903400728709, 507.7215923386309, 0.0, 0.0, 1.0], "cam_R_w2c": [-0.7415885329246521, 0.44736748933792114, -0.4999094605445862, 0.6099323034286499, 0.7599122524261475, -0.2247578203678131, 0.279338002204895, -0.4715886116027832, -0.8364061117172241], "cam_t_w2c": [64.287841796875, 162.86058044433594, 260.14666748046875], "depth_scale": 0.1},
  "93": {"cam_K": [1075.650863647461, 0.0, 641.0689039230347, 0.0, 1073.903400728709, 507.7215923386309, 0.0, 0.0, 1.0], "cam_R_w2c": [0.3905336558818817, -0.8033642768859863, -0.4495435059070587, -0.8351678848266602, -0.10375607013702393, -0.5401198267936707, 0.38727009296417236, 0.5863792300224304, -0.7114642858505249], "cam_t_w2c": [-128.1088104248047, -39.3750114440918, 522.3908081054688], "depth_scale": 0.1},
  "94": {"cam_K": [1075.650863647461, 0.0, 641.0689039230347, 0.0, 1073.903400728709, 507.7215923386309, 0.0, 0.0, 1.0], "cam_R_w2c": [0.8451173901557922, -0.13874544203281403, -0.516261875629425, 0.4713223874568939, -0.26231497526168823, 0.8420490622520447, -0.25225353240966797, -0.9549560546875, -0.15629315376281738], "cam_t_w2c": [9.89566421508789, -44.10415267944336, 483.76312255859375], "depth_scale": 0.1},
