{
  "1": {"cam_K": [1075.65091572, 0.0, 376.06888344, 0.0, 1073.90347929, 255.72159802, 0.0, 0.0, 1.0], "cam_R_w2c": [0.0713362, -0.997446, 0.0034823, -0.954428, -0.0692731, -0.290289, 0.289789, 0.0173845, -0.956933], "cam_t_w2c": [-11.7382, 17.1972, 786.898], "depth_scale": 0.1, "elev": 75, "mode": 0},
  "6": {"cam_K": [1075.65091572, 0.0, 378.06888344, 0.0, 1073.90347929, 256.72159802, 0.0, 0.0, 1.0], "cam_R_w2c": [0.485497, -0.874235, 0.00245876, -0.836092, -0.465133, -0.290861, 0.255425, 0.139157, -0.956762], "cam_t_w2c": [-13.1577, 16.2816, 787.21], "depth_scale": 0.1, "elev": 75, "mode": 0},
  "17": {"cam_K": [1075.65091572, 0.0, 380.06888344, 0.0, 1073.90347929, 261.72159802, 0.0, 0.0, 1.0], "cam_R_w2c": [0.99481, -0.101721, 0.00223531, -0.0965438, -0.950658, -0.294837, 0.0321161, 0.293091, -0.955545], "cam_t_w2c": [-14.2854, 12.8611, 787.715], "depth_scale": 0.1, "elev": 75, "mode": 0},
  "33": {"cam_K": [1075.65091572, 0.0, 374.06888344, 0.0, 1073.90347929, 265.72159802, 0.0, 0.0, 1.0], "cam_R_w2c": [0.271482, 0.962424, 0.00615839, 0.920889, -0.257895, -0.292325, -0.279752, 0.0850321, -0.956299], "cam_t_w2c": [-10.2298, 10.0995, 789.019], "depth_scale": 0.1, "elev": 75, "mode": 0},
  "42": {"cam_K": [1075.65091572, 0.0, 371.06888344, 0.0, 1073.90347929, 264.72159802, 0.0, 0.0, 1.0], "cam_R_w2c": [-0.48874, 0.872415, 0.0050328, 0.833962, 0.468876, -0.290969, -0.256206, -0.138011, -0.956719], "cam_t_w2c": [-7.65803, 11.1636, 789.009], "depth_scale": 0.1, "elev": 75, "mode": 0},
  "47": {"cam_K": [1075.65091572, 0.0, 369.06888344, 0.0, 1073.90347929, 262.72159802, 0.0, 0.0, 1.0], "cam_R_w2c": [-0.811999, 0.583643, 0.00432049, 0.557268, 0.777463, -0.291553, -0.173522, -0.234333, -0.956545], "cam_t_w2c": [-6.81287, 12.4564, 788.485], "depth_scale": 0.1, "elev": 75, "mode": 0},
  "55": {"cam_K": [1075.65091572, 0.0, 369.06888344, 0.0, 1073.90347929, 259.72159802, 0.0, 0.0, 1.0], "cam_R_w2c": [-0.997208, -0.0745734, 0.00376883, -0.0723842, 0.953079, -0.29394, 0.0183281, -0.293393, -0.955816], "cam_t_w2c": [-6.92004, 14.7805, 787.241], "depth_scale": 0.1, "elev": 75, "mode": 0},
  "74": {"cam_K": [1075.65091572, 0.0, 375.06888344, 0.0, 1073.90347929, 269.72159802, 0.0, 0.0, 1.0], "cam_R_w2c": [0.198781, -0.979971, 0.0119501, -0.872988, -0.182596, -0.452272, 0.445396, 0.079471, -0.8918], "cam_t_w2c": [-10.9823, 11.2611, 786.94], "depth_scale": 0.1, "elev": 65, "mode": 0},
  "80": {"cam_K": [1075.65091572, 0.0, 377.06888344, 0.0, 1073.90347929, 271.72159802, 0.0, 0.0, 1.0], "cam_R_w2c": [0.666721, -0.745241, 0.00993832, -0.661133, -0.597526, -0.453725, 0.344073, 0.295938, -0.891086], "cam_t_w2c": [-12.6364, 9.90862, 787.425], "depth_scale": 0.1, "elev": 65, "mode": 0},
  "88": {"cam_K": [1075.65091572, 0.0, 378.06888344, 0.0, 1073.90347929, 275.72159802, 0.0, 0.0, 1.0], "cam_R_w2c": [0.989741, -0.142454, 0.0109397, -0.121781, -0.88119, -0.456807, 0.074714, 0.450788, -0.889498], "cam_t_w2c": [-13.0755, 7.39895, 788.247], "depth_scale": 0.1, "elev": 65, "mode": 0},
  "98": {"cam_K": [1075.65091572, 0.0, 375.06888344, 0.0, 1073.90347929, 278.72159802, 0.0, 0.0, 1.0], "cam_R_w2c": [0.748196, 0.663334, 0.0137776, 0.594859, -0.661474, -0.456722, -0.293846, 0.349913, -0.889503], "cam_t_w2c": [-11.1629, 5.07251, 789.532], "depth_scale": 0.1, "elev": 65, "mode": 0},
  "109": {"cam_K": [1075.65091572, 0.0, 370.06888344, 0.0, 1073.90347929, 278.72159802, 0.0, 0.0, 1.0], "cam_R_w2c": [-0.11548, 0.993207, 0.0142634, 0.884574, 0.10936, -0.453398, -0.451878, -0.0397413, -0.891194], "cam_t_w2c": [-7.61828, 5.11419, 790.257], "depth_scale": 0.1, "elev": 65, "mode": 0},
  "115": {"cam_K": [1075.65091572, 0.0, 368.06888344, 0.0, 1073.90347929, 277.72159802, 0.0, 0.0, 1.0], "cam_R_w2c": [-0.597148, 0.802038, 0.012213, 0.711529, 0.536667, -0.453558, -0.370325, -0.262152, -0.891143], "cam_t_w2c": [-6.28281, 6.10063, 789.775], "depth_scale": 0.1, "elev": 65, "mode": 0},
  "123": {"cam_K": [1075.65091572, 0.0, 367.06888344, 0.0, 1073.90347929, 274.72159802, 0.0, 0.0, 1.0], "cam_R_w2c": [-0.972733, 0.231611, 0.0121361, 0.200827, 0.867311, -0.455455, -0.116014, -0.440599, -0.890176], "cam_t_w2c": [-5.48389, 8.12263, 788.291], "depth_scale": 0.1, "elev": 65, "mode": 0},
  "128": {"cam_K": [1075.65091572, 0.0, 368.06888344, 0.0, 1073.90347929, 272.72159802, 0.0, 0.0, 1.0], "cam_R_w2c": [-0.979673, -0.200154, 0.013394, -0.184126, 0.870708, -0.456032, 0.0796142, -0.449229, -0.889863], "cam_t_w2c": [-5.78989, 9.52058, 787.16], "depth_scale": 0.1, "elev": 65, "mode": 0},
  "140": {"cam_K": [1075.65091572, 0.0, 372.06888344, 0.0, 1073.90347929, 269.72159802, 0.0, 0.0, 1.0], "cam_R_w2c": [-0.316491, -0.948485, 0.0144772, -0.847809, 0.275986, -0.452827, 0.425504, -0.15559, -0.891481], "cam_t_w2c": [-8.87383, 11.5506, 786.749], "depth_scale": 0.1, "elev": 65, "mode": 0},
  "145": {"cam_K": [1075.65091572, 0.0, 375.06888344, 0.0, 1073.90347929, 282.72159802, 0.0, 0.0, 1.0], "cam_R_w2c": [0.0760341, -0.997026, 0.0125843, -0.795841, -0.0682854, -0.601643, 0.600713, 0.0357303, -0.798666], "cam_t_w2c": [-11.1913, 5.71935, 787.634], "depth_scale": 0.1, "elev": 55, "mode": 0},
  "150": {"cam_K": [1075.65091572, 0.0, 377.06888344, 0.0, 1073.90347929, 283.72159802, 0.0, 0.0, 1.0], "cam_R_w2c": [0.489622, -0.871866, 0.0109285, -0.692688, -0.396551, -0.602437, 0.529578, 0.287396, -0.798092], "cam_t_w2c": [-12.6892, 4.9063, 788.079], "depth_scale": 0.1, "elev": 55, "mode": 0},
  "161": {"cam_K": [1075.65091572, 0.0, 379.06888344, 0.0, 1073.90347929, 287.72159802, 0.0, 0.0, 1.0], "cam_R_w2c": [0.995211, -0.0970906, 0.0113522, -0.0704262, -0.792693, -0.605539, 0.0677909, 0.601839, -0.795735], "cam_t_w2c": [-13.7256, 1.98857, 789.475], "depth_scale": 0.1, "elev": 55, "mode": 0},
  "180": {"cam_K": [1075.65091572, 0.0, 372.06888344, 0.0, 1073.90347929, 290.72159802, 0.0, 0.0, 1.0], "cam_R_w2c": [0.0150959, 0.999777, 0.0147908, 0.797425, -0.00311361, -0.60341, -0.603229, 0.0209036, -0.797294], "cam_t_w2c": [-8.76519, -0.119904, 792.044], "depth_scale": 0.1, "elev": 55, "mode": 0},
  "186": {"cam_K": [1075.65091572, 0.0, 370.06888344, 0.0, 1073.90347929, 289.72159802, 0.0, 0.0, 1.0], "cam_R_w2c": [-0.487402, 0.87308, 0.0130896, 0.69269, 0.395738, -0.602969, -0.53162, -0.284821, -0.797657], "cam_t_w2c": [-7.19475, 0.642864, 791.638], "depth_scale": 0.1, "elev": 55, "mode": 0},
  "196": {"cam_K": [1075.65091572, 0.0, 368.06888344, 0.0, 1073.90347929, 286.72159802, 0.0, 0.0, 1.0], "cam_R_w2c": [-0.982251, 0.18714, 0.0126812, 0.141529, 0.783823, -0.604641, -0.123092, -0.592114, -0.796397], "cam_t_w2c": [-6.15033, 2.9064, 789.108], "depth_scale": 0.1, "elev": 55, "mode": 0},
  "219": {"cam_K": [1075.65091572, 0.0, 374.06888344, 0.0, 1073.90347929, 295.72159802, 0.0, 0.0, 1.0], "cam_R_w2c": [0.283939, -0.958689, 0.0171625, -0.648963, -0.205321, -0.732591, 0.705851, 0.196873, -0.680452], "cam_t_w2c": [-11.0063, -0.190949, 789.03], "depth_scale": 0.1, "elev": 45, "mode": 0},
  "225": {"cam_K": [1075.65091572, 0.0, 377.06888344, 0.0, 1073.90347929, 296.72159802, 0.0, 0.0, 1.0], "cam_R_w2c": [0.725017, -0.688537, 0.0163447, -0.459083, -0.500825, -0.733769, 0.513413, 0.524491, -0.679202], "cam_t_w2c": [-12.4982, -1.22298, 789.659], "depth_scale": 0.1, "elev": 45, "mode": 0},
  "234": {"cam_K": [1075.65091572, 0.0, 377.06888344, 0.0, 1073.90347929, 299.72159802, 0.0, 0.0, 1.0], "cam_R_w2c": [0.999527, 0.0257562, 0.0168305, 0.0298298, -0.677188, -0.735205, -0.00753864, 0.735359, -0.677636], "cam_t_w2c": [-12.6172, -3.42833, 791.476], "depth_scale": 0.1, "elev": 45, "mode": 0},
  "255": {"cam_K": [1075.65091572, 0.0, 369.06888344, 0.0, 1073.90347929, 301.72159802, 0.0, 0.0, 1.0], "cam_R_w2c": [-0.280864, 0.959562, 0.0188816, 0.647908, 0.204084, -0.73387, -0.708047, -0.193884, -0.679027], "cam_t_w2c": [-6.87194, -4.55043, 793.926], "depth_scale": 0.1, "elev": 45, "mode": 0},
  "263": {"cam_K": [1075.65091572, 0.0, 367.06888344, 0.0, 1073.90347929, 299.72159802, 0.0, 0.0, 1.0], "cam_R_w2c": [-0.832044, 0.554408, 0.0183099, 0.365251, 0.572407, -0.734127, -0.417486, -0.604138, -0.678766], "cam_t_w2c": [-5.42476, -3.18522, 792.144], "depth_scale": 0.1, "elev": 45, "mode": 0},
  "278": {"cam_K": [1075.65091572, 0.0, 368.06888344, 0.0, 1073.90347929, 295.72159802, 0.0, 0.0, 1.0], "cam_R_w2c": [-0.752545, -0.658221, 0.0205308, -0.458364, 0.501154, -0.733994, 0.472841, -0.561774, -0.678846], "cam_t_w2c": [-6.71471, -0.307554, 788.348], "depth_scale": 0.1, "elev": 45, "mode": 0},
  "287": {"cam_K": [1075.65091572, 0.0, 372.06888344, 0.0, 1073.90347929, 294.72159802, 0.0, 0.0, 1.0], "cam_R_w2c": [-0.0663661, -0.997625, 0.018462, -0.679894, 0.0316714, -0.732626, 0.730301, -0.0611738, -0.680381], "cam_t_w2c": [-9.63314, 0.202004, 788.725], "depth_scale": 0.1, "elev": 45, "mode": 0},
  "291": {"cam_K": [1075.65091572, 0.0, 374.06888344, 0.0, 1073.90347929, 306.72159802, 0.0, 0.0, 1.0], "cam_R_w2c": [0.240326, -0.970492, 0.0197037, -0.522086, -0.146345, -0.840244, 0.818333, 0.191646, -0.541851], "cam_t_w2c": [-10.9916, -5.23731, 790.711], "depth_scale": 0.1, "elev": 35, "mode": 0},
  "296": {"cam_K": [1075.65091572, 0.0, 376.06888344, 0.0, 1073.90347929, 306.72159802, 0.0, 0.0, 1.0], "cam_R_w2c": [0.627976, -0.778004, 0.0188921, -0.410638, -0.351877, -0.841165, 0.661077, 0.520473, -0.540448], "cam_t_w2c": [-12.3914, -5.83021, 791.199], "depth_scale": 0.1, "elev": 35, "mode": 0},
  "307": {"cam_K": [1075.65091572, 0.0, 377.06888344, 0.0, 1073.90347929, 309.72159802, 0.0, 0.0, 1.0], "cam_R_w2c": [0.997424, 0.0688366, 0.0201479, 0.0540553, -0.53681, -0.841969, -0.0471427, 0.84089, -0.539149], "cam_t_w2c": [-12.76, -7.96026, 793.755], "depth_scale": 0.1, "elev": 35, "mode": 0},
  "326": {"cam_K": [1075.65091572, 0.0, 370.06888344, 0.0, 1073.90347929, 310.72159802, 0.0, 0.0, 1.0], "cam_R_w2c": [-0.157102, 0.987338, 0.0219686, 0.530607, 0.103148, -0.841319, -0.832932, -0.120516, -0.540093], "cam_t_w2c": [-7.46302, -8.85194, 796.55], "depth_scale": 0.1, "elev": 35, "mode": 0},
  "333": {"cam_K": [1075.65091572, 0.0, 367.06888344, 0.0, 1073.90347929, 309.72159802, 0.0, 0.0, 1.0], "cam_R_w2c": [-0.696127, 0.717608, 0.0211105, 0.374987, 0.388523, -0.841686, -0.612202, -0.578004, -0.539555], "cam_t_w2c": [-5.91204, -7.975, 794.946], "depth_scale": 0.1, "elev": 35, "mode": 0},
  "345": {"cam_K": [1075.65091572, 0.0, 367.06888344, 0.0, 1073.90347929, 307.72159802, 0.0, 0.0, 1.0], "cam_R_w2c": [-0.969783, -0.242971, 0.0220636, -0.149139, 0.518826, -0.84177, 0.193078, -0.819625, -0.539385], "cam_t_w2c": [-5.76542, -6.02614, 791.209], "depth_scale": 0.1, "elev": 35, "mode": 0},
  "356": {"cam_K": [1075.65091572, 0.0, 371.06888344, 0.0, 1073.90347929, 305.72159802, 0.0, 0.0, 1.0], "cam_R_w2c": [-0.364748, -0.93084, 0.0222538, -0.51082, 0.180067, -0.840618, 0.778474, -0.317982, -0.541171], "cam_t_w2c": [-8.57937, -5.04289, 790.045], "depth_scale": 0.1, "elev": 35, "mode": 0},
  "364": {"cam_K": [1075.65091572, 0.0, 374.06888344, 0.0, 1073.90347929, 314.72159802, 0.0, 0.0, 1.0], "cam_R_w2c": [0.358995, -0.933054, 0.0230696, -0.351509, -0.158059, -0.922745, 0.864618, 0.323152, -0.38472], "cam_t_w2c": [-10.7943, -9.78444, 793.093], "depth_scale": 0.1, "elev": 25, "mode": 0},
  "373": {"cam_K": [1075.65091572, 0.0, 376.06888344, 0.0, 1073.90347929, 316.72159802, 0.0, 0.0, 1.0], "cam_R_w2c": [0.913432, -0.406328, 0.0232294, -0.136518, -0.359664, -0.923041, 0.383412, 0.839964, -0.384], "cam_t_w2c": [-12.32, -10.955, 794.928], "depth_scale": 0.1, "elev": 25, "mode": 0},
  "387": {"cam_K": [1075.65091572, 0.0, 373.06888344, 0.0, 1073.90347929, 318.72159802, 0.0, 0.0, 1.0], "cam_R_w2c": [0.693296, 0.720226, 0.0248118, 0.291671, -0.248948, -0.923554, -0.658991, 0.647533, -0.382664], "cam_t_w2c": [-10.0438, -12.4642, 798.065], "depth_scale": 0.1, "elev": 25, "mode": 0},
  "394": {"cam_K": [1075.65091572, 0.0, 370.06888344, 0.0, 1073.90347929, 318.72159802, 0.0, 0.0, 1.0], "cam_R_w2c": [0.152834, 0.987934, 0.0250495, 0.382388, -0.0357445, -0.92331, -0.911275, 0.150692, -0.383237], "cam_t_w2c": [-7.81729, -12.4087, 799.476], "depth_scale": 0.1, "elev": 25, "mode": 0},
  "401": {"cam_K": [1075.65091572, 0.0, 367.06888344, 0.0, 1073.90347929, 317.72159802, 0.0, 0.0, 1.0], "cam_R_w2c": [-0.4415, 0.896919, 0.02478, 0.334168, 0.189996, -0.923165, -0.832712, -0.399297, -0.383605], "cam_t_w2c": [-6.00068, -12.0575, 798.8], "depth_scale": 0.1, "elev": 25, "mode": 0},
  "411": {"cam_K": [1075.65091572, 0.0, 365.06888344, 0.0, 1073.90347929, 316.72159802, 0.0, 0.0, 1.0], "cam_R_w2c": [-0.9709, 0.238181, 0.0249777, 0.0691196, 0.378546, -0.922998, -0.229296, -0.894412, -0.383994], "cam_t_w2c": [-4.6587, -11.0144, 795.392], "depth_scale": 0.1, "elev": 25, "mode": 0},
  "426": {"cam_K": [1075.65091572, 0.0, 369.06888344, 0.0, 1073.90347929, 314.72159802, 0.0, 0.0, 1.0], "cam_R_w2c": [-0.488353, -0.872266, 0.0257626, -0.347465, 0.167284, -0.922651, 0.800487, -0.459531, -0.384775], "cam_t_w2c": [-7.25366, -9.5259, 792.351], "depth_scale": 0.1, "elev": 25, "mode": 0},
  "435": {"cam_K": [1075.65091572, 0.0, 373.06888344, 0.0, 1073.90347929, 321.72159802, 0.0, 0.0, 1.0], "cam_R_w2c": [0.272206, -0.961911, 0.0251054, -0.201798, -0.0825774, -0.97594, 0.940841, 0.260591, -0.21659], "cam_t_w2c": [-10.0828, -13.7351, 795.724], "depth_scale": 0.1, "elev": 15, "mode": 0},
  "445": {"cam_K": [1075.65091572, 0.0, 375.06888344, 0.0, 1073.90347929, 322.72159802, 0.0, 0.0, 1.0], "cam_R_w2c": [0.911699, -0.410096, 0.0250266, -0.0663117, -0.206987, -0.976094, 0.405472, 0.888244, -0.215904], "cam_t_w2c": [-11.8066, -14.5032, 797.415], "depth_scale": 0.1, "elev": 15, "mode": 0},
  "458": {"cam_K": [1075.65091572, 0.0, 373.06888344, 0.0, 1073.90347929, 322.72159802, 0.0, 0.0, 1.0], "cam_R_w2c": [0.756778, 0.653153, 0.0260319, 0.159174, -0.14551, -0.976468, -0.633996, 0.743114, -0.214084], "cam_t_w2c": [-10.1882, -14.8641, 801.722], "depth_scale": 0.1, "elev": 15, "mode": 0},
  "467": {"cam_K": [1075.65091572, 0.0, 369.06888344, 0.0, 1073.90347929, 323.72159802, 0.0, 0.0, 1.0], "cam_R_w2c": [0.0701633, 0.997191, 0.0262054, 0.216618, 0.0104123, -0.976201, -0.973732, 0.0741701, -0.215279], "cam_t_w2c": [-7.09066, -15.3132, 802.66], "depth_scale": 0.1, "elev": 15, "mode": 0},
  "481": {"cam_K": [1075.65091572, 0.0, 365.06888344, 0.0, 1073.90347929, 322.72159802, 0.0, 0.0, 1.0], "cam_R_w2c": [-0.912833, 0.407423, 0.0272356, 0.0640012, 0.208632, -0.975898, -0.403285, -0.889089, -0.216522], "cam_t_w2c": [-4.53641, -14.7055, 799.643], "depth_scale": 0.1, "elev": 15, "mode": 0},
  "488": {"cam_K": [1075.65091572, 0.0, 365.06888344, 0.0, 1073.90347929, 322.72159802, 0.0, 0.0, 1.0], "cam_R_w2c": [-0.981902, -0.187402, 0.0273671, -0.066816, 0.207565, -0.975937, 0.177212, -0.960103, -0.21633], "cam_t_w2c": [-4.93023, -14.1449, 796.539], "depth_scale": 0.1, "elev": 15, "mode": 0},
  "494": {"cam_K": [1075.65091572, 0.0, 367.06888344, 0.0, 1073.90347929, 321.72159802, 0.0, 0.0, 1.0], "cam_R_w2c": [-0.756463, -0.653498, 0.0265444, -0.161285, 0.147058, -0.97589, 0.633838, -0.742506, -0.216643], "cam_t_w2c": [-5.73211, -13.7535, 795.34], "depth_scale": 0.1, "elev": 15, "mode": 0}
}